-127
-127
-127
-127
-127
-127
-127
-127
-127
-127
-127
-127
-127
-127
-127
-127
-127
-127
-127
-127
-127
-127
-127
-127
-127
-127
-127
-127
-127
-127
-127
-127
-127
-127
-127
-127
-127
-127
-127
-127
-127
-127
-127
-127
-127
-127
-127
-127
-127
-127
-127
-127
-127
-127
-127
-127
-127
-127
-127
-127
-127
-127
-127
-127
-127
-127
-127
-127
-127
-127
-127
-127
-127
-127
-127
-127
-127
-127
-127
-127
-127
-127
-127
-127
-127
-127
-127
-127
-127
-127
-127
-127
-127
-127
-127
-127
-127
-127
-127
-127
-127
-127
-127
-127
-127
-127
-127
-127
-127
-127
-127
-127
-127
-127
-127
-127
-127
-127
-127
-127
-127
-127
-127
-127
-127
-127
-127
-127
-127
-127
-127
-127
-127
-127
-127
-127
-110
-11
-1
0
0
0
0
0
0
0
0
0
0
0
0
0
0
0
0
0
0
0
0
0
0
0
0
0
0
0
0
0
0
0
0
0
0
0
0
0
0
0
0
0
0
0
0
0
0
0
0
0
0
0
0
0
0
0
0
0
0
0
0
0
0
0
0
0
1
11
110
127
127
127
127
127
127
127
127
127
127
127
127
127
127
127
127
127
127
127
127
127
127
127
127
127
127
127
127
127
127
127
127
127
127
127
127
127
127
127
127
127
127
127
127
127
127
127
127
127
127
127
127
127
127
127
127
127
127
127
127
127
127
127
127
127
127
127
127
127
127
127
127
127
127
127
127
127
127
127
127
127
127
127
127
127
127
127
127
127
127
127
127
127
127
127
127
127
127
127
127
127
127
127
127
127
127
127
127
127
127
127
127
127
127
127
127
127
127
127
127
127
127
127
127
127
127
127
127
127
127
127
127
