-2147483648
-2147483647
-1057931471
-1031814371
-1024968019
-1007561029
-999239250
-993721619
-984376067
-979673954
-948537640
-936695311
-927884732
-909796081
-903666695
-903546199
-892399026
-889174970
-885515056
-882076860
-880365516
-879251907
-875881455
-871497510
-870386521
-866743809
-864949217
-845802363
-827790364
-820326079
-802556010
-799772626
-798619893
-794737516
-773625651
-773530057
-772612497
-763378492
-746654075
-742407663
-728666624
-727413316
-718915078
-716799775
-715170209
-694125164
-688361928
-681719465
-669531345
-666855179
-655758382
-644442229
-641089291
-639169808
-612924749
-586457708
-585750385
-571360604
-560995173
-559295400
-546575033
-512947942
-507826495
-502790430
-489107522
-479858805
-479404906
-478627666
-469474518
-454561936
-443254031
-426249543
-421013959
-416704977
-410884058
-402939570
-383936291
-374037196
-365370265
-364650598
-355856418
-345865544
-338033738
-327492970
-312403105
-296755160
-292259573
-287196868
-286382715
-278185664
-277459131
-255504972
-241638342
-209563557
-201032685
-196433242
-195020631
-191447407
-180802228
-176182253
-145829087
-143848686
-141053586
-139121147
-135898372
-134965227
-131257552
-129678861
-121517083
-116635234
-115628518
-113765696
-108745347
-106545388
-106387299
-100000000
-94969695
-91445252
-88227701
-81868025
-79584517
-79014709
-71466101
-65378398
-62070425
-61059093
-52173274
-15542646
-12904618
-10596418
-10000000
-9393371
-5733618
-4742628
-1000000
-100000
-10000
-1000
-100
-32
-31
-30
-29
-28
-27
-26
-25
-24
-23
-22
-21
-20
-19
-18
-17
-16
-15
-14
-13
-12
-11
-10
-9
-8
-7
-6
-5
-4
-3
-2
-1
0
1
2
3
4
5
6
7
8
9
10
11
12
13
14
15
16
17
18
19
20
21
22
23
24
25
26
27
28
29
30
31
32
100
1000
10000
100000
755732
1000000
2243637
10000000
10770694
12039332
28403849
56863174
97558289
100000000
100007248
100732600
115060886
117219937
119500938
122475614
127146409
138512467
140093471
140388147
147620594
160203619
170122728
180599013
220843447
230202584
273393653
276478398
278666715
279779738
282747144
289305389
293693784
308947992
321793126
331633451
331939808
344883820
347713067
350679812
352860640
354014518
361642606
364672776
382078168
391906110
393094633
394494168
400458908
421594795
422562058
423844615
428867804
430066031
430619791
438155513
440589295
465768134
466129606
467028896
471293109
475917592
477513069
506274360
508780964
522645781
525622727
552951045
554239201
555166463
558129800
560793239
567428429
569080713
575190426
583154368
588316134
597824007
598613008
602077789
602861003
604661507
609666761
614318417
616083977
616165408
620636866
633320021
634967912
637464600
654476474
654765859
662843906
674353641
690790621
693125286
703582584
713522490
714420986
714546722
729603767
733777701
758927320
762528510
763797341
765823343
769424695
770083169
832987095
844221179
854886667
860328509
864582063
870881425
877420352
896901122
907371626
916470835
940708200
945550141
987182306
991917681
1003969505
1007548598
1010816310
1021391222
1036672807
1057991360
1065381470
2147483646
2147483647
